# name			coordinate	start1	end1	start2	end2	start3	end3	offset1	offset2	offset3	bias1	bias2	speed	ang1	ang2	wire_diam
FE_LEBT:PM_D0783	Luvx		80.	-60.	80.	-40.	-40	-170	-6.87	-1.3	-5.0	80	80	12	45	135	0.3
FE_LEBT:PM_D0808	Luvx		82.	-65.	75.	-40.	-40	-161	-1.24	-2.28	-0.88	80	80	12	45	135	0.3
FE_LEBT:PM_D0824	Luvx		82.	-65.	75.	-160.	-160	-161	-0.74	-3.46	-5.2	80	80	12	45	135	0.3
FE_LEBT:PM_D0856	Fxy		82.	26.	-100.	-152.	-999	-999	6.2	1.49	-999.	80	80	2	0	90	0.3
FE_LEBT:PM_D0885	Fxy		82.	30.	-100.	-150.	-999	-999	-8.01	12.19 	-999.	80	80	2	0	90	0.3
FE_LEBT:PM_D0912	Fxy		82.	32.	-100.	-160.	-999	-999	5.65	-4.85	-999.	80	80	2	0	90	0.3
FE_LEBT:PM_D0945	Luvy		82.	-60.	73.	-40.	-40	-170	4.95	-1.95	-5.0	80	80	12	45	135	0.3
FE_LEBT:PM_D0961	Luvy		82.	-60.	73.	-40.	-40	-170	0.97	0.61	2.83	80	80	12	45	135	0.3
FE_LEBT:PM_D0972	Luvy		80.	-60.	75.	-40.	-40	-170	2.27	2.56	2.42	80	80	12	45	135	0.3
FE_LEBT:PM_D0998	Sbxy		-1.	-2.	-35.9	-130	-130.	-195.	0.0	0.0	0.0	80	80	1.0	61	-999	0.3
FE_MEBT:PM_D1092	Suxy		20	-20	-32.9	-89.9	-115.9	-160.0	0.0	0.0	0.0	80	80	2.0	45	-999	0.3
LS1_BTS:PM_D2056	Suxy		20	-20	-25.9	-81.9	-110.9	-166.9	0.0	0.0	0.0	80	80	2.0	45	-999	0.3
FS1_CSS:PM_D2225	Suxy		20	-20	-35.9	-81.9	-120.9	-160.9	0.0	0.0	0.0	80	80	2.0	45	-999	0.3
FS1_CSS:PM_D2385	Suxy		20	-20	-30.9	-74.9	-112.9	-166.9	0.0	0.0	0.0	80	80	2.0	45	-999	0.3
#LS1_D:PM_D1232		Suxy		25	-165	-999	-999.	-999	-999	0.0	0.0	0.0	80	80	2.0	45	-999	0.3
###### 2020/3/10
FS1_BBS:PM_D2444	Lyxu		40.	-40.	40.	-40.	-65	-145	0.0	0.0	0.0	80	80	4.0	90	0	0.3
FS1_BBS:PM_D2482	Lyxu		40.	-40.	40.	-40.	-65	-145	0.0	0.0	0.0	80	80	4.0	90	0	0.3
FS1_BMS:PM_D2552	Svxy		20	-20	-35.9	-81.9	-120.0	-164.0	0.0	0.0	0.0	80	80	2.0	135	-999	0.3
FS1_BMS:PM_D2602	Svxy		20	-20	-31.9	-81.9	-115.0	-160.9	0.0	0.0	0.0	80	80	2.0	135	-999	0.3
FS2_BTS:PM_D3959	Svxy		20	-20	-31.0	-74.0	-120.0	-166.9	0.0	0.0	0.0	80	80	2.0	135	-999	0.3
#FS2_BTS:PM_D3959	Svxy		-166.9	-120.0	-74.0	-31.0	-20	20	0.0	0.0	0.0	80	80	1.5	135	-999	0.3
###### 2021/4/23
FS2_BBS:PM_D4051	Lyxv		40.	-40.	40.	-40.	-65	-145	0.0	0.0	0.0	80	80	10.0	90	180	0.3
FS2_BMS:PM_D4222	Svxy		20	-20	-31.0	-84.0	-115.0	-166.9	0.0	0.0	0.0	80	80	1.5	135	-999	0.3
#FS2_BMS:PM_D4222	Svxy		20	16	14.0	10.0	8.0	4.	0.0	0.0	0.0	80	80	1.5	135	-999	0.3
LS3_BTS:PM_D4771	Svxy		20	-20	-31.0	-74.0	-120.0	-166.9	0.0	0.0	0.0	80	80	1.5	135	-999	0.3
BDS_BTS:PM_D5567	Svxy		20	-25	-28.0	-79.0	-105.0	-161.9	0.0	0.0	0.0	80	80	2.0	315	-999	0.3
BDS_BTS:PM_D5652	Lyxv		82.	-65.	50.	-50.	-55	-155	0.0	0.0	0.0	80	80	1.5	90	180	0.3
###### 2021/12/7
BDS_BBS:PM_D5653	Svyx		20	-20	-35.0	-74.0	-120.0	-161.9	0.0	0.0	0.0	80	80	1.5	-45	-999	0.3
#BDS_FFS:PM_D5792	Sxyu		20	-20	-35.0	-74.0	-120.0	-163.9	0.0	0.0	0.0	80	80	1.5	45	-999	0.3
BDS_FFS:PM_D5792	Suyx		20	-20	-35.0	-74.0	-120.0	-163.9	0.0	0.0	0.0	80	80	1.5	45	-999	0.3
###### 2023/01/19
FE_SCS2:PM_D0752	Luvx		80.	-60.	80.	-40.	-40	-170	-6.87	-1.3	-5.0	80	80	10	45	135	0.3
#FE_SCS2:PM_D0752	Luvx		80.	75.	80.	75.	75	70	0.0	0.0	0.0	80	80	10	45	135	0.3
#
#
#
# Old settings
#FE_LEBT:PM_D0824	Luvx		82.	-65.	75.	-200.	-999	-999	-3.8	-1.6	4.0	80	80	10	45	135
#FE_LEBT:PM_D0856	Fxy		82.	26.	-100.	-152.	-999	-999	6.2	1.49	-999.	80	80	10	0	90
#FE_LEBT:PM_D0783	Luvx		65.	-65.	80.	-100.	-100	-200	-3.55	1.92	-0.17	80	80	10	45	135
#FE_LEBT:PM_D0808	Luvx		82.	-65.	75.	-220.	-999	-999	3.3	-3.3	-2.6	80	80	10	45	135
#FE_LEBT:PM_D0783	Luvx		65.	-80.	90.	-200.	-999	-999	-5.1	10.0	4.8	80	80	10	45	135
# <=2020/10/13
#FE_LEBT:PM_D0856	Fxy		82.	26.	-100.	-152.	-999	-999	3.29	-1.62	-999.	80	80	10	0	90
#FE_LEBT:PM_D0885	Fxy		82.	30.	-100.	-150.	-999	-999	-14.63	8.59 	-999.	80	80	10	0	90
#FE_LEBT:PM_D0912	Fxy		82.	32.	-100.	-160.	-999	-999	2.88	-6.85	-999.	80	80	10	0	90
# ?? - 2019/11/4
#FE_LEBT:PM_D0945	Luvy		82.	-60.	73.	-205.	-999	-999	4.0	-3.8	-5.7	80	80	10	45	135
# ?? - 2019/11/6
#FE_LEBT:PM_D0945	Luvy		82.	-60.	73.	-205.	-999	-999	4.95	-1.95	-5.0	80	80	10	45	135
#FE_LEBT:PM_D0961	Luvy		82.	-60.	73.	-190.	-999	-999	-0.1	-0.8	1.9	80	80	10	45	135
# ?? - 2019/11/6
#FE_LEBT:PM_D0972	Luvy		80.	-60.	75.	-190.	-999	-999	0.0	0.0	0.0	80	80	10	45	135
# ?? - 2019/11/6
#FE_LEBT:PM_D0783	Luvx		65.	-80.	80.	-40.	-40	-170	-3.55	1.92	-0.17	80	80	10	45	135 # ~ 2020/12/01
#FE_LEBT:PM_D0783	Luvx		80.	-60.	80.	-40.	-40	-170	-3.55	1.92	-0.17	80	80	10	45	135 # ~ 2021/02/19
#FE_LEBT:PM_D0808	Luvx		82.	-65.	75.	-40.	-40	-161	2.64	-2.28	-0.88	80	80	10	45	135 # ~ 2021/02/21
#FE_LEBT:PM_D0824	Luvx		82.	-65.	75.	-160.	-160	-161	-3.8	-1.6	4.0	80	80	10	45	135 # ~ 2021/02/19
#FE_LEBT:PM_D0856	Fxy		82.	26.	44.	-12.	-12	-13	6.2	1.49	-999.	80	80	3	0	90 # 2019/10 ~
#FE_LEBT:PM_D0885	Fxy		82.	30.	44.	-12.	-12	-13	-8.01	12.19 	-999.	80	80	3	0	90 # 2019/10 ~
#FE_LEBT:PM_D0912	Fxy		82.	32.	44.	-12.	-12	-13	5.65	-4.85	-999.	80	80	3	0	90 # 2019/10 ~
